999999 999999
1 999999
1 1
6464 292209
528317 981979
820069 173405
264537 672792
166280 138719
767610 748749
612345 664824
789510 115322
863004 620113
496250 443942
194663 864761
315375 732564
462836 908027
780746 270222
336512 227290
422834 886707
463982 617011
567982 365281
171276 17270
56611 979731
581042 259311
584209 592566
396037 269070
779644 730100
874250 987030
71955 877518
817682 463043
200768 542239
293637 61067
122117 340196
601790 735119
513602 479369
790227 333800
609919 230699
207877 611164
352850 484890
833113 632523
910310 634540
382715 193667
842983 532839
4757 295973
365614 311182
128887 850814
243789 411708
802118 483875
524176 592482
16324 135351
477517 841547
150445 787630
507308 284407
345766 825875
588610 178082
147341 625782
153687 295554
867014 666722
576647 61198
733353 101664
68368 15039
583621 804355
785845 151753
285796 618458
422462 372431
174652 398288
819940 798923
647375 351867
78109 638800
430969 805937
619718 766972
160800 230246
615734 535471
237457 412153
296181 232084
421942 343727
977841 632067
402157 157277
849090 160978
551451 573389
723249 741073
98935 277515
754094 737388
658643 223025
145462 143906
279973 702778
659850 396260
117156 837615
694576 324373
603995 684108
684048 871827
571270 89609
727241 914655
879783 964614
523745 778717
85861 521764
329642 164854
923858 939402
261410 931804
949694 126556
347032 805972
520999 794751
977557 108963
912191 476954
911475 846150
950336 898083
705138 368238
349484 469957
836353 773193
141349 797382
915022 141240
92565 730016
219484 6656
991300 317048
2756 945608
995402 105678
858596 503417
760413 912208
465481 417791
657699 172313
407225 975639
66223 115776
257927 7197
381904 588787
769527 843046
213979 522071
552755 982866
899365 676044
268712 17736
377838 708181
531933 903782
484320 568912
410866 853306
774990 169083
126691 809263
207525 341618
647070 832560
663164 274219
889906 851029
892281 322592
997243 265315
491080 741375
602208 13346
179082 358317
123919 467772
732970 548515
190093 804648
934007 609453
906200 323094
516177 401477
49912 769375
931701 729505
989850 640481
789620 926418
11944 457160
176136 269538
190517 522187
104200 657807
91125 749331
679035 485492
590910 474309
735795 605717
531617 253359
623469 889046
539555 869646
566728 34114
895422 527119
596291 441106
685660 811966
68651 342184
828388 814826
507252 91532
234152 743361
325772 98634
490128 954431
102629 205867
530001 745997
328018 799310
123066 376291
969909 231079
989809 116713
290632 275542
675315 308696
985350 476765
511864 228086
421630 232277
20668 984996
863489 815489
754124 458731
985806 404230
60287 795631
450722 452082
740376 94397
105591 16224
